600x600
104,426
95,80
478,146
416,6
531,290
571,450
411,368
275,302
42,116
404,369
278,276
60,168
353,318
543,183
11,283
461,411
491,468
366,308
315,121
163,182
33,246
14,487
189,196
64,41
411,231
259,468
37,441
159,320
255,142
177,455
18,19
487,390
98,261
134,253
188,165
164,49
536,573
521,530
572,125
109,586
454,135
328,368
440,243
137,487
94,96
467,314
456,464
125,354
359,555
472,259
309,299
24,36
567,245
123,546
532,291
178,232
352,138
134,506
145,545
393,271
338,592
456,260
14,194
501,582
593,125
425,374
162,54
52,449
147,481
524,175
159,431
322,102
360,511
456,456
479,506
250,249
261,217
412,106
440,275
153,313
439,186
240,330
531,2
235,44
219,79
510,160
262,130
42,584
440,375
33,250
252,320
289,283
141,513
541,101
167,582
520,446
176,358
112,512
557,107
538,348